   10    6   12    1   10     /KBe  06-19-1994
--------------------------------------------------------------------------------
  11.00000  12.00000  13.00000  14.00000  15.00000  16.00000
   0.30103   0.69897   1.00000   1.30103   1.69897   2.00000   2.30103   2.69897
   3.00000   3.30103   3.69897   4.00000
----------/z1 =  1   E(eV) =  1000000 
 -34.00000 -34.00000 -34.00000 -34.00000 -34.00000 -34.00000
 -34.00000 -34.00000 -34.00000 -34.00000 -34.00000 -34.00000
 -34.00000 -34.00000 -34.00000 -34.00000 -34.00000 -34.00000
 -34.00000 -34.00000 -34.00000 -34.00000 -34.00000 -34.00000
 -34.00000 -34.00000 -34.00000 -34.00000 -34.00000 -34.00000
 -34.00000 -34.00000 -34.00000 -34.00000 -34.00000 -34.00000
 -34.00000 -34.00000 -34.00000 -34.00000 -34.00000 -34.00000
 -34.00000 -34.00000 -34.00000 -34.00000 -34.00000 -34.00000
 -34.00000 -34.00000 -34.00000 -34.00000 -34.00000 -34.00000
 -34.00000 -34.00000 -34.00000 -34.00000 -34.00000 -34.00000
 -34.00000 -34.00000 -34.00000 -34.00000 -34.00000 -34.00000
 -34.00000 -34.00000 -34.00000 -34.00000 -34.00000 -34.00000
----------/z1 =  2   E(eV) =  26.89 
 -13.29209 -13.29209 -13.29209 -13.29209 -13.29209 -13.29209
  -9.98761  -9.98761  -9.98761  -9.98761  -9.98761  -9.98761
  -8.97030  -8.97030  -8.97030  -8.97030  -8.97030  -8.97030
  -8.53691  -8.53691  -8.53691  -8.53691  -8.53691  -8.53691
  -8.38553  -8.38553  -8.38553  -8.38553  -8.38553  -8.38553
  -8.41927  -8.41927  -8.41927  -8.41927  -8.41927  -8.41927
  -8.51139  -8.51139  -8.51139  -8.51139  -8.51139  -8.51139
  -8.67533  -8.67533  -8.67533  -8.67533  -8.67533  -8.67533
  -8.81416  -8.81416  -8.81416  -8.81416  -8.81416  -8.81416
  -8.95884  -8.95884  -8.95884  -8.95884  -8.95884  -8.95884
  -9.15431  -9.15431  -9.15431  -9.15431  -9.15431  -9.15431
  -9.30365  -9.30365  -9.30365  -9.30365  -9.30365  -9.30365
----------/z1 =  3   E(eV) =  25.31 
 -12.92270 -12.92270 -12.92270 -12.92270 -12.92270 -12.92270
  -9.82407  -9.82407  -9.82407  -9.82407  -9.82407  -9.82407
  -8.87539  -8.87539  -8.87539  -8.87539  -8.87539  -8.87539
  -8.47630  -8.47630  -8.47630  -8.47630  -8.47630  -8.47630
  -8.34551  -8.34551  -8.34551  -8.34551  -8.34551  -8.34551
  -8.38611  -8.38611  -8.38611  -8.38611  -8.38611  -8.38611
  -8.48166  -8.48166  -8.48166  -8.48166  -8.48166  -8.48166
  -8.64766  -8.64766  -8.64766  -8.64766  -8.64766  -8.64766
  -8.78718  -8.78718  -8.78718  -8.78718  -8.78718  -8.78718
  -8.93220  -8.93220  -8.93220  -8.93220  -8.93220  -8.93220
  -9.12787  -9.12787  -9.12787  -9.12787  -9.12787  -9.12787
  -9.27729  -9.27729  -9.27729  -9.27729  -9.27729  -9.27729
----------/z1 =  4   E(eV) =  26.36 
 -13.16836 -13.16836 -13.16836 -13.16836 -13.16836 -13.16836
  -9.93293  -9.93293  -9.93293  -9.93293  -9.93293  -9.93293
  -8.93864  -8.93864  -8.93864  -8.93864  -8.93864  -8.93864
  -8.51676  -8.51676  -8.51676  -8.51676  -8.51676  -8.51676
  -8.37229  -8.37229  -8.37229  -8.37229  -8.37229  -8.37229
  -8.40832  -8.40832  -8.40832  -8.40832  -8.40832  -8.40832
  -8.50160  -8.50160  -8.50160  -8.50160  -8.50160  -8.50160
  -8.66622  -8.66622  -8.66622  -8.66622  -8.66622  -8.66622
  -8.80529  -8.80529  -8.80529  -8.80529  -8.80529  -8.80529
  -8.95008  -8.95008  -8.95008  -8.95008  -8.95008  -8.95008
  -9.14561  -9.14561  -9.14561  -9.14561  -9.14561  -9.14561
  -9.29498  -9.29498  -9.29498  -9.29498  -9.29498  -9.29498
----------/z1 =  5   E(eV) =  21.65 
 -12.06011 -12.06011 -12.06011 -12.06011 -12.06011 -12.06011
  -9.43833  -9.43833  -9.43833  -9.43833  -9.43833  -9.43833
  -8.64860  -8.64860  -8.64860  -8.64860  -8.64860  -8.64860
  -8.32899  -8.32899  -8.32899  -8.32899  -8.32899  -8.32899
  -8.24589  -8.24589  -8.24589  -8.24589  -8.24589  -8.24589
  -8.30238  -8.30238  -8.30238  -8.30238  -8.30238  -8.30238
  -8.40588  -8.40588  -8.40588  -8.40588  -8.40588  -8.40588
  -8.57664  -8.57664  -8.57664  -8.57664  -8.57664  -8.57664
  -8.71776  -8.71776  -8.71776  -8.71776  -8.71776  -8.71776
  -8.86357  -8.86357  -8.86357  -8.86357  -8.86357  -8.86357
  -9.05972  -9.05972  -9.05972  -9.05972  -9.05972  -9.05972
  -9.20929  -9.20929  -9.20929  -9.20929  -9.20929  -9.20929
----------/Z1= 6   NeVI 56.138nm  3        2S1 2P2       (2)2(   4.5) 1.7E+09
 -12.00314 -11.94804 -11.86592 -11.84579 -11.85574 -11.96134
  -9.32864  -9.29388  -9.22797  -9.20845  -9.21325  -9.27819
  -8.52900  -8.50710  -8.46206  -8.44733  -8.44940  -8.49309
  -8.19784  -8.18522  -8.15465  -8.14321  -8.14424  -8.17295
  -8.06540  -8.05943  -8.04120  -8.03236  -8.03315  -8.05188
  -8.07407  -8.07145  -8.06113  -8.05438  -8.05438  -8.06885
  -8.13507  -8.13407  -8.13006  -8.12610  -8.12709  -8.13912
  -8.25368  -8.25368  -8.25235  -8.25235  -8.25235  -8.26305
  -8.35625  -8.35625  -8.35625  -8.35625  -8.35625  -8.36472
  -8.46420  -8.46420  -8.46420  -8.46420  -8.46636  -8.47289
  -8.61421  -8.61421  -8.61421  -8.61421  -8.61421  -8.62033
  -8.72816  -8.72816  -8.72816  -8.72816  -8.72816  -8.73212
----------/Z1= 7   NeVII 46.522nm  5        2S1 2P1       (1)1(   1.0) 5.8E+09
 -12.61644 -12.57856 -12.49700 -12.46793 -12.46942 -12.51312
  -9.32862  -9.31178  -9.25657  -9.22797  -9.22373  -9.25115
  -8.30715  -8.29855  -8.26530  -8.24446  -8.24314  -8.26022
  -7.86182  -7.85636  -7.83690  -7.82327  -7.82160  -7.83345
  -7.66837  -7.66603  -7.65679  -7.64774  -7.64662  -7.65451
  -7.64662  -7.64551  -7.64108  -7.63451  -7.63343  -7.63997
  -7.67309  -7.67309  -7.67072  -7.66837  -7.66837  -7.67428
  -7.74661  -7.74661  -7.74661  -7.74661  -7.74661  -7.75227
  -7.81662  -7.81662  -7.81662  -7.81662  -7.81662  -7.82160
  -7.89415  -7.89415  -7.89415  -7.89415  -7.89415  -7.89812
  -8.00104  -8.00104  -8.00104  -8.00104  -8.00104  -8.00358
  -8.08428  -8.08428  -8.08428  -8.08428  -8.08428  -8.08735
----------/Z1= 8   NeVIII 77.396nm  3   1S2 2P(3/2)  (2)1( 1.5) 5.64E+08
 -10.73818 -10.73818 -10.73818 -10.74086 -10.76017 -10.91628
  -8.82221  -8.82221  -8.82221  -8.82384  -8.83710  -8.94769
  -8.26016  -8.26016  -8.26016  -8.26150  -8.27054  -8.35496
  -8.04732  -8.04732  -8.04732  -8.04732  -8.05282  -8.11839
  -8.00075  -8.00075  -8.00075  -8.00075  -8.00568  -8.05006
  -8.03388  -8.03388  -8.03653  -8.03653  -8.03921  -8.07553
  -8.09643  -8.09643  -8.09643  -8.09643  -8.09950  -8.13145
  -8.19950  -8.19950  -8.19950  -8.19950  -8.20340  -8.22753
  -8.29207  -8.29207  -8.29207  -8.29255  -8.29448  -8.31422
  -8.38243  -8.38243  -8.38243  -8.38243  -8.38421  -8.40115
  -8.50209  -8.50209  -8.50209  -8.50209  -8.50365  -8.51713
 -40.00000 -40.00000 -40.00000 -40.00000 -40.00000 -40.00000
----------/z1 =  9   E(eV) =  914 
 -34.00000 -34.00000 -34.00000 -34.00000 -34.00000 -34.00000
 -34.00000 -34.00000 -34.00000 -34.00000 -34.00000 -34.00000
 -34.00000 -34.00000 -34.00000 -34.00000 -34.00000 -34.00000
 -29.33161 -29.33161 -29.33161 -29.33161 -29.33161 -29.33161
 -17.62223 -17.62223 -17.62223 -17.62223 -17.62223 -17.62223
 -13.80329 -13.80329 -13.80329 -13.80329 -13.80329 -13.80329
 -11.96908 -11.96908 -11.96908 -11.96908 -11.96908 -11.96908
 -10.97722 -10.97722 -10.97722 -10.97722 -10.97722 -10.97722
 -10.73079 -10.73079 -10.73079 -10.73079 -10.73079 -10.73079
 -10.68283 -10.68283 -10.68283 -10.68283 -10.68283 -10.68283
 -10.76272 -10.76272 -10.76272 -10.76272 -10.76272 -10.76272
 -10.87354 -10.87354 -10.87354 -10.87354 -10.87354 -10.87354
----------/z1 =  10   E(eV) =  1022 
 -34.00000 -34.00000 -34.00000 -34.00000 -34.00000 -34.00000
 -34.00000 -34.00000 -34.00000 -34.00000 -34.00000 -34.00000
 -34.00000 -34.00000 -34.00000 -34.00000 -34.00000 -34.00000
 -31.72531 -31.72531 -31.72531 -31.72531 -31.72531 -31.72531
 -18.60881 -18.60881 -18.60881 -18.60881 -18.60881 -18.60881
 -14.32084 -14.32084 -14.32084 -14.32084 -14.32084 -14.32084
 -12.25211 -12.25211 -12.25211 -12.25211 -12.25211 -12.25211
 -11.11953 -11.11953 -11.11953 -11.11953 -11.11953 -11.11953
 -10.82619 -10.82619 -10.82619 -10.82619 -10.82619 -10.82619
 -10.75479 -10.75479 -10.75479 -10.75479 -10.75479 -10.75479
 -10.82060 -10.82060 -10.82060 -10.82060 -10.82060 -10.82060
 -10.92673 -10.92673 -10.92673 -10.92673 -10.92673 -10.92673
