    6    6   13    1    6     /KBe  02-07-1993
--------------------------------------------------------------------------------
  11.00000  12.00000  13.00000  14.00000  15.00000  16.00000
   0.00000   0.30103   0.47712   0.69897   1.00000   1.30103   1.47712   1.69897
   2.00000   2.30103   2.47712   2.69897   3.00000
--------------------/z1 =  1  CI 908.9nm  8     2P1(2P)3P  (3)1( 4.0) 2.5E+07
 -11.78915 -11.81177 -11.97469 -12.40066 -12.72411 -13.19723
  -9.89705  -9.92904 -10.14267 -10.61843 -11.05675 -11.80410
  -9.27778  -9.31426  -9.55284 -10.04939 -10.56463 -11.38987
  -8.79997  -8.84088  -9.09555  -9.61172 -10.19382 -11.07058
  -8.47821  -8.51927  -8.77793  -9.30103  -9.93181 -10.83565
  -8.36151  -8.40066  -8.64878  -9.16115  -9.80549 -10.71557
  -8.34921  -8.38722  -8.62342  -9.12494  -9.76384 -10.67366
  -8.37161  -8.40616  -8.62388  -9.10513  -9.73283 -10.63733
  -8.44069  -8.46852  -8.66055  -9.11210  -9.71332 -10.60642
  -8.53018  -8.55284  -8.71670  -9.13224  -9.70115 -10.57675
  -8.58922  -8.60730  -8.75449  -9.14721  -9.69411 -10.56067
  -8.65906  -8.67623  -8.80410  -9.16909  -9.68455 -10.53387
  -8.75634  -8.76955  -8.87533  -9.19894  -9.67060 -10.49147
--------------------/z1 =  2  CII 657.8nm  7   2S2 3P       (2)1( 2.5) 4.8E+07
 -14.78094 -14.78346 -14.80688 -14.96465 -15.32931 -15.74357
 -11.41567 -11.41839 -11.44602 -11.62679 -12.04925 -12.43737
 -10.34841 -10.35121 -10.38074 -10.57212 -11.02209 -11.40974
  -9.55608  -9.55909  -9.58959  -9.78728 -10.25806 -10.65600
  -9.06834  -9.07079  -9.10127  -9.29757  -9.77222 -10.18522
  -8.93494  -8.93855  -8.96658  -9.14850  -9.60359 -10.01556
  -8.94218  -8.94401  -8.97045  -9.13978  -9.57057  -9.97634
  -8.99448  -8.99654  -9.01773  -9.16647  -9.56441  -9.95327
  -9.11193  -9.11464  -9.13124  -9.25430  -9.59530  -9.95327
  -9.25806  -9.26185  -9.27344  -9.36694  -9.64759  -9.96273
  -9.35121  -9.35215  -9.36259  -9.43909  -9.68227  -9.97241
  -9.46811  -9.46873  -9.47615  -9.53201  -9.72547  -9.98030
  -9.62153  -9.62240  -9.62591  -9.65600  -9.78473  -9.99242
--------------------/z1 =  3  CIII 569.6nm  9   2S3D(1D)     (1)2( 2.0) 5E+07
 -24.21467 -24.20412 -24.19382 -24.12784 -23.84771 -23.37212
 -17.00877 -16.99353 -16.98716 -16.94119 -16.72125 -16.24033
 -14.70553 -14.69250 -14.68719 -14.64975 -14.45655 -13.97265
 -12.94885 -12.93930 -12.93367 -12.90483 -12.73636 -12.25571
 -11.70006 -11.69250 -11.68931 -11.66857 -11.52651 -11.06048
 -11.09963 -11.09691 -11.09420 -11.07831 -10.96257 -10.54288
 -10.91009 -10.90658 -10.90483 -10.89279 -10.78781 -10.40012
 -10.76321 -10.76195 -10.76070 -10.74958 -10.65956 -10.30496
 -10.71220 -10.71108 -10.70996 -10.70115 -10.61708 -10.27572
 -10.79860 -10.79860 -10.79724 -10.78648 -10.69572 -10.32975
 -10.86967 -10.86967 -10.86806 -10.85699 -10.75945 -10.37572
 -10.96859 -10.96859 -10.96859 -10.95468 -10.85078 -10.44129
 -11.11634 -11.11634 -11.11351 -11.09963 -10.98297 -10.53685
-------------------/z1 =  4  CIV 38.4178nm  8   1S2 3D(5/2)  (2)2( 2.5) 1.77E+10
 -25.29414 -25.29263 -25.27781 -25.15543 -24.73084 -24.40763
 -16.69512 -16.69512 -16.68384 -16.59066 -16.20058 -15.82878
 -13.86385 -13.86329 -13.85385 -13.77476 -13.41158 -13.01404
 -11.63808 -11.63476 -11.62817 -11.56451 -11.23483 -10.80804
 -10.02449 -10.02367 -10.01803  -9.96812  -9.68014  -9.22828
  -9.27491  -9.27491  -9.27058  -9.23089  -8.97970  -8.51148
  -9.05046  -9.05046  -9.04616  -9.01009  -8.77660  -8.30642
  -8.89590  -8.89530  -8.89169  -8.85993  -8.64144  -8.17110
  -8.81652  -8.81652  -8.81351  -8.78542  -8.58767  -8.11554
  -8.82568  -8.82517  -8.82261  -8.79730  -8.61215  -8.13818
  -8.85605  -8.85550  -8.85275  -8.82878  -8.64822  -8.17339
  -8.90755  -8.90693  -8.90507  -8.88162  -8.71063  -8.23089
  -8.99160  -8.99160  -8.98935  -8.96812  -8.80656  -8.32389
--------------------/z1 =  5  CV 4.027nm  5   1S1 2P1      (1)1( 1.0) 8.73E+11
 -40.00000 -40.00000 -40.00000 -40.00000 -40.00000 -40.00000
 -40.00000 -40.00000 -40.00000 -40.00000 -40.00000 -40.00000
 -40.00000 -40.00000 -40.00000 -40.00000 -40.00000 -40.00000
 -34.84947 -34.84947 -34.84947 -34.83368 -34.78947 -34.76673
 -21.83627 -21.83627 -21.83627 -21.83110 -21.82094 -21.81347
 -15.38504 -15.38504 -15.38504 -15.38412 -15.38047 -15.37865
 -13.27153 -13.27153 -13.27153 -13.27082 -13.26800 -13.26800
 -11.64401 -11.64401 -11.64401 -11.64401 -11.63903 -11.64068
 -10.52369 -10.52369 -10.52243 -10.52243 -10.51741 -10.51741
  -9.99080  -9.99080  -9.99080  -9.98710  -9.98710  -9.98710
  -9.80371  -9.80371  -9.80371  -9.80371  -9.80371  -9.80371
  -9.64905  -9.64905  -9.64905  -9.64905  -9.64905  -9.65075
  -9.53136  -9.53136  -9.53136  -9.53136  -9.53136  -9.53265
--------------------/z1 =  6  CVI 3.377nm  3   2P           (2)1( 2.5) 8.12E+11
 -40.00000 -40.00000 -40.00000 -40.00000 -40.00000 -40.00000
 -40.00000 -40.00000 -40.00000 -40.00000 -40.00000 -40.00000
 -40.00000 -40.00000 -40.00000 -40.00000 -40.00000 -40.00000
 -40.00000 -40.00000 -40.00000 -40.00000 -40.00000 -40.00000
 -24.92908 -24.92908 -24.92908 -24.92908 -24.92908 -24.92609
 -17.09613 -17.09613 -17.09569 -17.09437 -17.08612 -17.07761
 -14.51873 -14.51873 -14.51873 -14.51410 -14.50161 -14.49495
 -12.48947 -12.48947 -12.48838 -12.48192 -12.47031 -12.46719
 -11.01126 -11.01126 -11.01126 -11.00408 -10.99702 -10.99353
 -10.31302 -10.31302 -10.31157 -10.30583 -10.30086 -10.30016
 -10.09393 -10.09349 -10.09262 -10.08612 -10.08184 -10.08184
  -9.92609  -9.92609  -9.92313  -9.92018  -9.91726  -9.91726
  -9.81860  -9.81860  -9.81629  -9.81398  -9.81169  -9.81169
