H	1	1.008	0.0	0.089
D	1	2.016	0.0	0.089
T	1	3.032	0.0	0.089
He	2	4.003	0.0	0.179
Li	3	6.941	1.63	0.53
Be	4	9.012	3.32	1.85
B	5	10.81	5.77	2.34
C	6	12.01	7.37	2.26
N	7	14.01	4.92	1.03
O	8	16.00	2.6	1.43
F	9	19.00	0.84	1.97
Ne	10	20.18	0.02	1.56
Na	11	23.00	1.11	0.97
Mg	12	24.30	1.51	1.74
Al	13	26.98	3.39	2.7
Si	14	28.08	4.63	2.33
P	15	30.97	3.43	1.82
S	16	32.06	2.85	2.07
Cl	17	35.45	1.4	2.09
Ar	18	39.94	0.08	1.78
K	19	39.09	0.93	0.86
Ca	20	40.08	1.84	1.54
Sc	21	44.95	3.9	2.99
Ti	22	47.90	4.85	4.51
V	23	50.94	5.31	6.1
Cr	24	52.00	4.1	7.19
Mn	25	54.93	2.92	7.43
Fe	26	55.85	4.28	7.86
Co	27	58.93	4.39	8.9
Ni	28	58.71	4.44	8.9
Cu	29	63.55	3.49	8.96
Zn	30	65.38	1.35	7.14
Ga	31	69.72	2.81	5.91
Ge	32	72.59	3.85	5.32
As	33	74.92	2.96	5.72
Se	34	78.96	2.25	4.79
Br	35	79.91	1.22	4.1
Kr	36	83.80	0.12	3.07
Rb	37	85.47	0.85	1.53
Sr	38	87.62	1.72	2.6
Y	39	88.91	4.37	4.46
Zr	40	91.22	6.25	6.49
Nb	41	92.91	8.4	7.57
Mo	42	95.94	6.82	10.2
Tc	43	98.91	6.85	11.5
Ru	44	101.00	6.74	12.2
Rh	45	102.9	5.75	12.4
Pd	46	106.4	3.89	12.0
Ag	47	107.8	2.95	10.5
Cd	48	112.4	1.16	8.65
In	49	114.8	2.52	7.31
Sn	50	118.6	3.14	7.3
Sb	51	121.7	2.75	6.62
Te	52	127.6	2.23	6.24
I	53	126.9	1.11	4.94
Xe	54	131.3	0.16	3.77
Cs	55	132.9	0.8	1.9
Ba	56	137.3	1.9	3.5
La	57	138.9	4.47	6.17
Ce	58	140.1	4.32	6.77
Pr	59	140.9	3.7	6.77
Nd	60	144.2	3.4	7.0
Pm	61	145.0	0.0	0.0
Sm	62	150.3	2.14	7.54
Eu	63	151.9	1.86	7.9
Gd	64	157.2	4.14	8.23
Tb	65	158.9	4.05	8.57
Dy	66	162.5	3.04	8.78
Ho	67	164.9	3.14	9.05
Er	68	167.2	3.29	9.37
Tm	69	168.9	2.42	9.31
Yb	70	173.0	1.6	6.97
Lu	71	174.9	4.43	9.84
Hf	72	178.4	6.44	13.1
Ta	73	180.9	8.1	16.6
W	74	183.8	8.9	19.3
Re	75	186.2	8.03	21.0
Os	76	190.2	8.17	22.6
Ir	77	192.2	6.94	22.5
Pt	78	195.0	5.84	21.4
Au	79	196.9	3.81	19.3
Hg	80	200.5	0.67	13.6
Tl	81	204.3	1.88	11.85
Pb	82	207.1	2.03	11.4
Bi	83	208.9	2.18	9.8
Po	84	210.0	1.5	9.4
At	85	210.0	0.0	0.0
Rn	86	222.0	0.2	4.4
Fr	87	223.0	0.0	0.0
Ra	88	226.0	1.66	5.0
Ac	89	227.0	4.25	10.1
Th	90	232.0	6.2	11.7
Pa	91	231.0	0.0	15.4
U	92	238.0	5.55	19.07
